0 10 10 200
1 30 10 200.07
2 50 10 200.14
3 70 10 200.21
4 90 10 200.28
5 110 10 200.35
6 130 10 200.42
7 150 10 200.49
8 170 10 200.56
9 190 10 200.63
10 210 10 200.7
11 10 30 200.77
12 30 30 200.84
13 50 30 200.91
14 70 30 200.98
15 90 30 201.05
16 110 30 201.12
17 130 30 201.19
18 150 30 201.26
19 170 30 201.33
20 190 30 201.4
21 210 30 201.47
22 10 50 201.54
23 30 50 201.61
24 50 50 201.68
25 70 50 201.75
26 90 50 201.82
27 110 50 201.89
28 130 50 201.96
29 150 50 202.03
30 170 50 202.1
31 190 50 202.17
32 210 50 202.24
33 10 70 202.31
34 30 70 202.38
35 50 70 202.45
36 70 70 202.52
37 90 70 202.59
38 110 70 202.66
39 130 70 202.73
40 150 70 202.8
41 170 70 202.87
42 190 70 202.94
43 210 70 203.01
44 10 90 203.08
45 30 90 203.15
46 50 90 203.22
47 70 90 203.29
48 90 90 203.36
49 110 90 203.43
50 130 90 203.5
51 150 90 203.57
52 170 90 203.64
53 190 90 203.71
54 210 90 203.78
55 10 110 203.85
56 30 110 203.92
57 50 110 203.99
58 70 110 204.06
59 90 110 204.13
60 110 110 204.2
61 130 110 204.27
62 150 110 204.34
63 170 110 204.41
64 190 110 204.48
65 210 110 204.55
66 10 130 204.62
67 30 130 204.69
68 50 130 204.76
69 70 130 204.831
70 90 130 204.901
71 110 130 204.971
72 130 130 205.041
73 150 130 205.111
74 170 130 205.181
75 190 130 205.251
76 210 130 205.321
77 10 150 205.391
78 30 150 205.461
79 50 150 205.531
80 70 150 205.601
81 90 150 205.671
82 110 150 205.741
83 130 150 205.811
84 150 150 205.881
85 170 150 205.951
86 190 150 206.021
87 210 150 206.091
88 10 170 206.161
89 30 170 206.231
90 50 170 206.301
91 70 170 206.371
92 90 170 206.441
93 110 170 206.511
94 130 170 206.581
95 150 170 206.651
96 170 170 206.721
97 190 170 206.791
98 210 170 206.861
99 10 190 206.931
100 30 190 207.001
101 50 190 207.071
102 70 190 207.141
103 90 190 207.211
104 110 190 207.281
105 130 190 207.351
106 150 190 207.421
107 170 190 207.491
108 190 190 207.561
109 210 190 207.631
110 10 210 207.701
111 30 210 207.771
112 50 210 207.841
113 70 210 207.911
114 90 210 207.981
115 110 210 208.051
116 130 210 208.121
117 150 210 208.191
118 170 210 208.261
119 190 210 208.331
120 210 210 208.401
13 15 14 41 42 43 57 58 59 84 85 86 100 101 102 103 12 16 18 17 19 20 40 39 38 37 36 35
110 111 112 118 119 120 78 79 80 81 75 76 74 46 47 35 24 25 8 9 10 21 32 20 50 51 39
115 116 117 118 119 120 105 106 107 108 109 95 96 97 98 85 86 87 75 76 65 46 47 48 49 34 35 36 37
23 34 45 38 39 40 59 60 61 70 72 100 101 102 103 106 107 108
113 114 115 116 117 103 104 105 57 58 46 35 36 85 86 87 76 75 65
7 8 9 10 21 32 43 37 38 39 56 45 46 73 74 75 84 95 85 88 99 110 111 112
95 96 97 98 110 111 112 79 80 78 67 68 69 52 53 54 41 42 43 12 13 15 23 24 25
15 16 17 18 19 34 36 37 46 48 74 75 63 64 79 80 81 106 107 108
70 71 72 73 62 51 50 49 48 9 10 21 32 8 20 119 120 108 109 99 88 89
33 34 44 45 55 56 29 30 31 18 19 20 82 71 60 61 62 84 112 113 114 115 116