0 10 10 200
1 30 10 200.13
2 50 10 200.26
3 70 10 200.39
4 90 10 200.52
5 110 10 200.65
6 130 10 200.78
7 150 10 200.91
8 10 30 201.04
9 30 30 201.17
10 50 30 201.3
11 70 30 201.43
12 90 30 201.56
13 110 30 201.69
14 130 30 201.82
15 150 30 201.95
16 10 50 202.08
17 30 50 202.21
18 50 50 202.34
19 70 50 202.47
20 90 50 202.6
21 110 50 202.73
22 130 50 202.86
23 150 50 202.99
24 10 70 203.12
25 30 70 203.25
26 50 70 203.38
27 70 70 203.51
28 90 70 203.64
29 110 70 203.77
30 130 70 203.9
31 150 70 204.03
32 10 90 204.16
33 30 90 204.29
34 50 90 204.42
35 70 90 204.55
36 90 90 204.68
37 110 90 204.81
38 130 90 204.94
39 150 90 205.07
40 10 110 205.2
41 30 110 205.33
42 50 110 205.46
43 70 110 205.59
44 90 110 205.72
45 110 110 205.85
46 130 110 205.98
47 150 110 206.11
48 10 130 206.24
49 30 130 206.37
50 50 130 206.5
51 70 130 206.63
52 90 130 206.76
53 110 130 206.89
54 130 130 207.02
55 150 130 207.15
56 10 150 207.28
57 30 150 207.41
58 50 150 207.54
59 70 150 207.67
60 90 150 207.8
61 110 150 207.93
62 130 150 208.06
63 150 150 208.19
64 10 170 208.32
65 30 170 208.45
66 50 170 208.58
67 70 170 208.71
68 90 170 208.84
69 110 170 208.97
70 130 170 209.1
71 150 170 209.23
72 10 190 209.36
73 30 190 209.49
74 50 190 209.62
75 70 190 209.75
76 90 190 209.88
77 110 190 210.01
78 130 190 210.14
79 150 190 210.27
80 10 210 210.4
81 30 210 210.53
82 50 210 210.66
83 70 210 210.79
84 90 210 210.92
85 110 210 211.05
86 130 210 211.18
87 150 210 211.31
88 10 230 211.44
89 30 230 211.57
90 50 230 211.7
91 70 230 211.83
92 90 230 211.96
93 110 230 212.09
94 130 230 212.22
95 150 230 212.35
96 10 250 212.48
97 30 250 212.61
98 50 250 212.74
99 70 250 212.87
100 90 250 213
101 110 250 213.13
102 130 250 213.26
103 150 250 213.391
104 10 270 213.521
105 30 270 213.651
106 50 270 213.781
107 70 270 213.911
108 90 270 214.041
109 110 270 214.171
110 130 270 214.301
111 150 270 214.431
112 10 290 214.561
113 30 290 214.691
114 50 290 214.821
115 70 290 214.951
116 90 290 215.081
117 110 290 215.211
118 130 290 215.341
119 150 290 215.471
