0 10 10 200
1 30 10 200.07
2 50 10 200.14
3 70 10 200.21
4 90 10 200.28
5 110 10 200.35
6 130 10 200.42
7 150 10 200.49
8 170 10 200.56
9 190 10 200.63
10 10 30 200.7
11 30 30 200.77
12 50 30 200.84
13 70 30 200.91
14 90 30 200.98
15 110 30 201.05
16 130 30 201.12
17 150 30 201.19
18 170 30 201.26
19 190 30 201.33
20 10 50 201.4
21 30 50 201.47
22 50 50 201.54
23 70 50 201.61
24 90 50 201.68
25 110 50 201.75
26 130 50 201.82
27 150 50 201.89
28 170 50 201.96
29 190 50 202.03
30 10 70 202.1
31 30 70 202.17
32 50 70 202.24
33 70 70 202.31
34 90 70 202.38
35 110 70 202.45
36 130 70 202.52
37 150 70 202.59
38 170 70 202.66
39 190 70 202.73
40 10 90 202.8
41 30 90 202.87
42 50 90 202.94
43 70 90 203.01
44 90 90 203.08
45 110 90 203.15
46 130 90 203.22
47 150 90 203.29
48 170 90 203.36
49 190 90 203.43
50 10 110 203.5
51 30 110 203.57
52 50 110 203.64
53 70 110 203.71
54 90 110 203.78
55 110 110 203.85
56 130 110 203.92
57 150 110 203.99
58 170 110 204.06
59 190 110 204.13
60 10 130 204.2
61 30 130 204.27
62 50 130 204.34
63 70 130 204.41
64 90 130 204.48
65 110 130 204.55
66 130 130 204.62
67 150 130 204.69
68 170 130 204.76
69 190 130 204.831
70 10 150 204.901
71 30 150 204.971
72 50 150 205.041
73 70 150 205.111
74 90 150 205.181
75 110 150 205.251
76 130 150 205.321
77 150 150 205.391
78 170 150 205.461
79 190 150 205.531
80 10 170 205.601
81 30 170 205.671
82 50 170 205.741
83 70 170 205.811
84 90 170 205.881
85 110 170 205.951
86 130 170 206.021
87 150 170 206.091
88 170 170 206.161
89 190 170 206.231
90 10 190 206.301
91 30 190 206.371
92 50 190 206.441
93 70 190 206.511
94 90 190 206.581
95 110 190 206.651
96 130 190 206.721
97 150 190 206.791
98 170 190 206.861
99 190 190 206.931
