0 10 10 200
1 30 10 200.07
2 50 10 200.14
3 70 10 200.21
4 90 10 200.28
5 110 10 200.35
6 130 10 200.42
7 150 10 200.49
8 170 10 200.56
9 10 30 200.63
10 30 30 200.7
11 50 30 200.77
12 70 30 200.84
13 90 30 200.91
14 110 30 200.98
15 130 30 201.05
16 150 30 201.12
17 170 30 201.19
18 10 50 201.26
19 30 50 201.33
20 50 50 201.4
21 70 50 201.47
22 90 50 201.54
23 110 50 201.61
24 130 50 201.68
25 150 50 201.75
26 170 50 201.82
27 10 70 201.89
28 30 70 201.96
29 50 70 202.03
30 70 70 202.1
31 90 70 202.17
32 110 70 202.24
33 130 70 202.31
34 150 70 202.38
35 170 70 202.45
36 10 90 202.52
37 30 90 202.59
38 50 90 202.66
39 70 90 202.73
40 90 90 202.8
41 110 90 202.87
42 130 90 202.94
43 150 90 203.01
44 170 90 203.08
45 10 110 203.15
46 30 110 203.22
47 50 110 203.29
48 70 110 203.36
49 90 110 203.43
50 110 110 203.5
51 130 110 203.57
52 150 110 203.64
53 170 110 203.71
54 10 130 203.78
55 30 130 203.85
56 50 130 203.92
57 70 130 203.99
58 90 130 204.06
59 110 130 204.13
60 130 130 204.2
61 150 130 204.27
62 170 130 204.34
63 10 150 204.41
64 30 150 204.48
65 50 150 204.55
66 70 150 204.62
67 90 150 204.69
68 110 150 204.76
69 130 150 204.831
70 150 150 204.901
71 170 150 204.971
72 10 170 205.041
73 30 170 205.111
74 50 170 205.181
75 70 170 205.251
76 90 170 205.321
77 110 170 205.391
78 130 170 205.461
79 150 170 205.531
80 170 170 205.601
12 13 14 41 42 43 64 65 66
10 11 12 33 34 35 46 47 68 69 70