0 10 10 200
1 30 10 200.07
2 50 10 200.14
3 70 10 200.21
4 90 10 200.28
5 110 10 200.35
6 130 10 200.42
7 10 30 200.49
8 30 30 200.56
9 50 30 200.63
10 70 30 200.7
11 90 30 200.77
12 110 30 200.84
13 130 30 200.91
14 10 50 200.98
15 30 50 201.05
16 50 50 201.12
17 70 50 201.19
18 90 50 201.26
19 110 50 201.33
20 130 50 201.4
21 10 70 201.47
22 30 70 201.54
23 50 70 201.61
24 70 70 201.68
25 90 70 201.75
26 110 70 201.82
27 130 70 201.89
28 10 90 201.96
29 30 90 202.03
30 50 90 202.1
31 70 90 202.17
32 90 90 202.24
33 110 90 202.31
34 130 90 202.38
35 10 110 202.45
36 30 110 202.52
37 50 110 202.59
38 70 110 202.66
39 90 110 202.73
40 110 110 202.8
41 130 110 202.87
42 10 130 202.94
43 30 130 203.01
44 50 130 203.08
45 70 130 203.15
46 90 130 203.22
47 110 130 203.29
48 130 130 203.36
