Coordenadas:
10 10 200
30 10 200.07
50 10 200.14
70 10 200.21
90 10 200.28
110 10 200.35
10 30 200.42
30 30 200.49
50 30 200.56
70 30 200.63
90 30 200.7
110 30 200.77
10 50 200.84
30 50 200.91
50 50 200.98
70 50 201.05
90 50 201.12
110 50 201.19
10 70 201.26
30 70 201.33
50 70 201.4
70 70 201.47
90 70 201.54
110 70 201.61
10 90 201.68
30 90 201.75
50 90 201.82
70 90 201.89
90 90 201.96
110 90 202.03
10 110 202.1
30 110 202.17
50 110 202.24
70 110 202.31
90 110 202.38
110 110 202.45
Ciclo Hamiltoniano:
0 6 7 8 14 20 19 18 24 30 31 25 26 27 21 15 9 11 17 23 29 35 34 28 22 16 10 3 2 1 0 
Obstaculos:
90 10
110 10
10 50
30 50
50 110
70 110
Valor Total do Ciclo: 890.31
