Coordenadas:
10 10 200
30 10 200.07
50 10 200.14
70 10 200.21
90 10 200.28
110 10 200.35
130 10 200.42
150 10 200.49
170 10 200.56
190 10 200.63
210 10 200.7
230 10 200.77
250 10 200.84
270 10 200.91
290 10 200.98
310 10 201.05
330 10 201.12
10 30 201.19
30 30 201.26
50 30 201.33
70 30 201.4
90 30 201.47
110 30 201.54
130 30 201.61
150 30 201.68
170 30 201.75
190 30 201.82
210 30 201.89
230 30 201.96
250 30 202.03
270 30 202.1
290 30 202.17
310 30 202.24
330 30 202.31
10 50 202.38
30 50 202.45
50 50 202.52
70 50 202.59
90 50 202.66
110 50 202.73
130 50 202.8
150 50 202.87
170 50 202.94
190 50 203.01
210 50 203.08
230 50 203.15
250 50 203.22
270 50 203.29
290 50 203.36
310 50 203.43
330 50 203.5
10 70 203.57
30 70 203.64
50 70 203.71
70 70 203.78
90 70 203.85
110 70 203.92
130 70 203.99
150 70 204.06
170 70 204.13
190 70 204.2
210 70 204.27
230 70 204.34
250 70 204.41
270 70 204.48
290 70 204.55
310 70 204.62
330 70 204.69
10 90 204.76
30 90 204.831
50 90 204.901
70 90 204.971
90 90 205.041
110 90 205.111
130 90 205.181
150 90 205.251
170 90 205.321
190 90 205.391
210 90 205.461
230 90 205.531
250 90 205.601
270 90 205.671
290 90 205.741
310 90 205.811
330 90 205.881
10 110 205.951
30 110 206.021
50 110 206.091
70 110 206.161
90 110 206.231
110 110 206.301
130 110 206.371
150 110 206.441
170 110 206.511
190 110 206.581
210 110 206.651
230 110 206.721
250 110 206.791
270 110 206.861
290 110 206.931
310 110 207.001
330 110 207.071
10 130 207.141
30 130 207.211
50 130 207.281
70 130 207.351
90 130 207.421
110 130 207.491
130 130 207.561
150 130 207.631
170 130 207.701
190 130 207.771
210 130 207.841
230 130 207.911
250 130 207.981
270 130 208.051
290 130 208.121
310 130 208.191
330 130 208.261
10 150 208.331
30 150 208.401
50 150 208.471
70 150 208.541
90 150 208.611
110 150 208.681
130 150 208.751
150 150 208.821
170 150 208.891
190 150 208.961
210 150 209.031
230 150 209.101
250 150 209.171
270 150 209.241
290 150 209.311
310 150 209.381
330 150 209.451
10 170 209.521
30 170 209.591
50 170 209.661
70 170 209.731
90 170 209.801
110 170 209.871
130 170 209.941
150 170 210.011
170 170 210.081
190 170 210.151
210 170 210.221
230 170 210.291
250 170 210.361
270 170 210.431
290 170 210.501
310 170 210.571
330 170 210.641
10 190 210.711
30 190 210.781
50 190 210.851
70 190 210.921
90 190 210.991
110 190 211.061
130 190 211.131
150 190 211.201
170 190 211.271
190 190 211.341
210 190 211.411
230 190 211.481
250 190 211.551
270 190 211.621
290 190 211.691
310 190 211.761
330 190 211.831
10 210 211.901
30 210 211.971
50 210 212.041
70 210 212.111
90 210 212.181
110 210 212.251
130 210 212.321
150 210 212.391
170 210 212.461
190 210 212.531
210 210 212.601
230 210 212.671
250 210 212.741
270 210 212.811
290 210 212.881
310 210 212.951
330 210 213.021
10 230 213.091
30 230 213.161
50 230 213.231
70 230 213.301
90 230 213.371
110 230 213.441
130 230 213.511
150 230 213.581
170 230 213.651
190 230 213.721
210 230 213.791
230 230 213.861
250 230 213.931
270 230 214.001
290 230 214.071
310 230 214.141
330 230 214.211
10 250 214.281
30 250 214.352
50 250 214.422
70 250 214.492
90 250 214.562
110 250 214.632
130 250 214.702
150 250 214.772
170 250 214.842
190 250 214.912
210 250 214.982
230 250 215.052
250 250 215.122
270 250 215.192
290 250 215.262
310 250 215.332
330 250 215.402
10 270 215.472
30 270 215.542
50 270 215.612
70 270 215.682
90 270 215.752
110 270 215.822
130 270 215.892
150 270 215.962
170 270 216.032
190 270 216.102
210 270 216.172
230 270 216.242
250 270 216.312
270 270 216.382
290 270 216.452
310 270 216.522
330 270 216.592
10 290 216.662
30 290 216.732
50 290 216.802
70 290 216.872
90 290 216.942
110 290 217.012
130 290 217.082
150 290 217.152
170 290 217.222
190 290 217.292
210 290 217.362
230 290 217.432
250 290 217.502
270 290 217.572
290 290 217.642
310 290 217.712
330 290 217.782
10 310 217.852
30 310 217.922
50 310 217.992
70 310 218.062
90 310 218.132
110 310 218.202
130 310 218.272
150 310 218.342
170 310 218.412
190 310 218.482
210 310 218.552
230 310 218.622
250 310 218.692
270 310 218.762
290 310 218.832
310 310 218.902
330 310 218.972
10 330 219.042
30 330 219.112
50 330 219.182
70 330 219.252
90 330 219.322
110 330 219.392
130 330 219.462
150 330 219.532
170 330 219.602
190 330 219.672
210 330 219.742
230 330 219.812
250 330 219.882
270 330 219.952
290 330 220.022
310 330 220.092
330 330 220.162
Ciclo Hamiltoniano:
0 17 34 51 52 35 18 1 2 19 20 21 22 23 25 26 27 29 30 48 66 84 101 118 135 220 203 186 169 152 116 133 150 149 166 183 199 198 181 164 147 163 146 129 112 94 93 92 91 90 72 89 106 123 140 158 141 124 107 105 88 71 54 55 56 57 58 60 61 45 28 11 10 9 8 7 24 41 40 39 38 37 36 53 70 87 104 121 138 155 172 173 190 207 224 241 258 275 274 273 272 255 238 221 204 206 223 239 222 205 188 171 154 156 174 191 208 225 242 259 276 277 260 261 278 279 280 264 265 266 267 268 269 252 235 218 217 234 250 249 248 247 246 263 281 282 283 284 285 286 287 270 253 236 219 202 185 168 151 134 117 100 83 49 47 46 44 43 42 59 76 77 95 113 130 114 131 148 165 182 216 233 232 231 230 229 228 227 226 209 192 175 211 212 196 195 194 193 176 159 142 125 109 110 111 128 145 162 179 178 177 160 143 126 108 0 
Obstaculos:
270 10
310 10
310 30
330 30
330 50
330 330
330 290
110 10
330 310
30 170
50 230
50 310
330 270
70 170
330 10
210 210
130 290
230 110
130 10
290 110
110 90
30 130
170 190
270 230
270 150
150 310
250 10
10 190
290 30
270 90
170 150
250 90
230 250
230 70
90 10
190 250
290 190
10 230
170 170
50 290
130 250
210 250
230 90
270 110
290 90
70 10
10 110
10 90
30 110
10 150
30 150
10 170
10 210
250 70
110 290
270 70
250 110
130 90
70 150
270 290
30 90
90 190
30 310
210 230
290 230
290 70
270 130
290 210
150 290
10 130
210 90
330 70
150 90
290 10
Valor Total do Ciclo: 6401.65
