Coordenadas:
10 10 200
30 10 200.07
50 10 200.14
70 10 200.21
90 10 200.28
110 10 200.35
130 10 200.42
150 10 200.49
170 10 200.56
190 10 200.63
10 30 200.7
30 30 200.77
50 30 200.84
70 30 200.91
90 30 200.98
110 30 201.05
130 30 201.12
150 30 201.19
170 30 201.26
190 30 201.33
10 50 201.4
30 50 201.47
50 50 201.54
70 50 201.61
90 50 201.68
110 50 201.75
130 50 201.82
150 50 201.89
170 50 201.96
190 50 202.03
10 70 202.1
30 70 202.17
50 70 202.24
70 70 202.31
90 70 202.38
110 70 202.45
130 70 202.52
150 70 202.59
170 70 202.66
190 70 202.73
10 90 202.8
30 90 202.87
50 90 202.94
70 90 203.01
90 90 203.08
110 90 203.15
130 90 203.22
150 90 203.29
170 90 203.36
190 90 203.43
10 110 203.5
30 110 203.57
50 110 203.64
70 110 203.71
90 110 203.78
110 110 203.85
130 110 203.92
150 110 203.99
170 110 204.06
190 110 204.13
10 130 204.2
30 130 204.27
50 130 204.34
70 130 204.41
90 130 204.48
110 130 204.55
130 130 204.62
150 130 204.69
170 130 204.76
190 130 204.831
10 150 204.901
30 150 204.971
50 150 205.041
70 150 205.111
90 150 205.181
110 150 205.251
130 150 205.321
150 150 205.391
170 150 205.461
190 150 205.531
10 170 205.601
30 170 205.671
50 170 205.741
70 170 205.811
90 170 205.881
110 170 205.951
130 170 206.021
150 170 206.091
170 170 206.161
190 170 206.231
10 190 206.301
30 190 206.371
50 190 206.441
70 190 206.511
90 190 206.581
110 190 206.651
130 190 206.721
150 190 206.791
170 190 206.861
190 190 206.931
Ciclo Hamiltoniano:
0 1 11 12 2 3 13 23 33 43 53 63 52 42 41 51 62 73 84 85 86 87 88 78 68 58 48 38 28 27 37 47 56 46 36 26 15 25 35 45 55 65 66 76 75 74 64 54 44 34 24 14 4 5 6 7 8 9 19 29 39 49 59 69 79 89 99 98 97 96 95 94 93 92 91 90 80 70 60 50 40 30 20 10 0 
Obstaculos:
30 130
30 150
30 170
50 170
70 170
50 150
150 150
150 130
150 110
30 50
50 50
30 70
50 70
130 30
150 30
170 30
Valor Total do Ciclo: 2220
