0 10 10 200
1 30 10 200.07
2 50 10 200.14
3 70 10 200.21
4 90 10 200.28
5 110 10 200.35
6 130 10 200.42
7 150 10 200.49
8 170 10 200.56
9 190 10 200.63
10 210 10 200.7
11 230 10 200.77
12 250 10 200.84
13 270 10 200.91
14 290 10 200.98
15 310 10 201.05
16 330 10 201.12
17 350 10 201.19
18 10 30 201.26
19 30 30 201.33
20 50 30 201.4
21 70 30 201.47
22 90 30 201.54
23 110 30 201.61
24 130 30 201.68
25 150 30 201.75
26 170 30 201.82
27 190 30 201.89
28 210 30 201.96
29 230 30 202.03
30 250 30 202.1
31 270 30 202.17
32 290 30 202.24
33 310 30 202.31
34 330 30 202.38
35 350 30 202.45
36 10 50 202.52
37 30 50 202.59
38 50 50 202.66
39 70 50 202.73
40 90 50 202.8
41 110 50 202.87
42 130 50 202.94
43 150 50 203.01
44 170 50 203.08
45 190 50 203.15
46 210 50 203.22
47 230 50 203.29
48 250 50 203.36
49 270 50 203.43
50 290 50 203.5
51 310 50 203.57
52 330 50 203.64
53 350 50 203.71
54 10 70 203.78
55 30 70 203.85
56 50 70 203.92
57 70 70 203.99
58 90 70 204.06
59 110 70 204.13
60 130 70 204.2
61 150 70 204.27
62 170 70 204.34
63 190 70 204.41
64 210 70 204.48
65 230 70 204.55
66 250 70 204.62
67 270 70 204.69
68 290 70 204.76
69 310 70 204.831
70 330 70 204.901
71 350 70 204.971
72 10 90 205.041
73 30 90 205.111
74 50 90 205.181
75 70 90 205.251
76 90 90 205.321
77 110 90 205.391
78 130 90 205.461
79 150 90 205.531
80 170 90 205.601
81 190 90 205.671
82 210 90 205.741
83 230 90 205.811
84 250 90 205.881
85 270 90 205.951
86 290 90 206.021
87 310 90 206.091
88 330 90 206.161
89 350 90 206.231
90 10 110 206.301
91 30 110 206.371
92 50 110 206.441
93 70 110 206.511
94 90 110 206.581
95 110 110 206.651
96 130 110 206.721
97 150 110 206.791
98 170 110 206.861
99 190 110 206.931
100 210 110 207.001
101 230 110 207.071
102 250 110 207.141
103 270 110 207.211
104 290 110 207.281
105 310 110 207.351
106 330 110 207.421
107 350 110 207.491
108 10 130 207.561
109 30 130 207.631
110 50 130 207.701
111 70 130 207.771
112 90 130 207.841
113 110 130 207.911
114 130 130 207.981
115 150 130 208.051
116 170 130 208.121
117 190 130 208.191
118 210 130 208.261
119 230 130 208.331
120 250 130 208.401
121 270 130 208.471
122 290 130 208.541
123 310 130 208.611
124 330 130 208.681
125 350 130 208.751
126 10 150 208.821
127 30 150 208.891
128 50 150 208.961
129 70 150 209.031
130 90 150 209.101
131 110 150 209.171
132 130 150 209.241
133 150 150 209.311
134 170 150 209.381
135 190 150 209.451
136 210 150 209.521
137 230 150 209.591
138 250 150 209.661
139 270 150 209.731
140 290 150 209.801
141 310 150 209.871
142 330 150 209.941
143 350 150 210.011
144 10 170 210.081
145 30 170 210.151
146 50 170 210.221
147 70 170 210.291
148 90 170 210.361
149 110 170 210.431
150 130 170 210.501
151 150 170 210.571
152 170 170 210.641
153 190 170 210.711
154 210 170 210.781
155 230 170 210.851
156 250 170 210.921
157 270 170 210.991
158 290 170 211.061
159 310 170 211.131
160 330 170 211.201
161 350 170 211.271
162 10 190 211.341
163 30 190 211.411
164 50 190 211.481
165 70 190 211.551
166 90 190 211.621
167 110 190 211.691
168 130 190 211.761
169 150 190 211.831
170 170 190 211.901
171 190 190 211.971
172 210 190 212.041
173 230 190 212.111
174 250 190 212.181
175 270 190 212.251
176 290 190 212.321
177 310 190 212.391
178 330 190 212.461
179 350 190 212.531
180 10 210 212.601
181 30 210 212.671
182 50 210 212.741
183 70 210 212.811
184 90 210 212.881
185 110 210 212.951
186 130 210 213.021
187 150 210 213.091
188 170 210 213.161
189 190 210 213.231
190 210 210 213.301
191 230 210 213.371
192 250 210 213.441
193 270 210 213.511
194 290 210 213.581
195 310 210 213.651
196 330 210 213.721
197 350 210 213.791
198 10 230 213.861
199 30 230 213.931
200 50 230 214.001
201 70 230 214.071
202 90 230 214.141
203 110 230 214.211
204 130 230 214.281
205 150 230 214.352
206 170 230 214.422
207 190 230 214.492
208 210 230 214.562
209 230 230 214.632
210 250 230 214.702
211 270 230 214.772
212 290 230 214.842
213 310 230 214.912
214 330 230 214.982
215 350 230 215.052
216 10 250 215.122
217 30 250 215.192
218 50 250 215.262
219 70 250 215.332
220 90 250 215.402
221 110 250 215.472
222 130 250 215.542
223 150 250 215.612
224 170 250 215.682
225 190 250 215.752
226 210 250 215.822
227 230 250 215.892
228 250 250 215.962
229 270 250 216.032
230 290 250 216.102
231 310 250 216.172
232 330 250 216.242
233 350 250 216.312
234 10 270 216.382
235 30 270 216.452
236 50 270 216.522
237 70 270 216.592
238 90 270 216.662
239 110 270 216.732
240 130 270 216.802
241 150 270 216.872
242 170 270 216.942
243 190 270 217.012
244 210 270 217.082
245 230 270 217.152
246 250 270 217.222
247 270 270 217.292
248 290 270 217.362
249 310 270 217.432
250 330 270 217.502
251 350 270 217.572
252 10 290 217.642
253 30 290 217.712
254 50 290 217.782
255 70 290 217.852
256 90 290 217.922
257 110 290 217.992
258 130 290 218.062
259 150 290 218.132
260 170 290 218.202
261 190 290 218.272
262 210 290 218.342
263 230 290 218.412
264 250 290 218.482
265 270 290 218.552
266 290 290 218.622
267 310 290 218.692
268 330 290 218.762
269 350 290 218.832
270 10 310 218.902
271 30 310 218.972
272 50 310 219.042
273 70 310 219.112
274 90 310 219.182
275 110 310 219.252
276 130 310 219.322
277 150 310 219.392
278 170 310 219.462
279 190 310 219.532
280 210 310 219.602
281 230 310 219.672
282 250 310 219.742
283 270 310 219.812
284 290 310 219.882
285 310 310 219.952
286 330 310 220.022
287 350 310 220.092
288 10 330 220.162
289 30 330 220.232
290 50 330 220.302
291 70 330 220.372
292 90 330 220.442
293 110 330 220.512
294 130 330 220.582
295 150 330 220.652
296 170 330 220.722
297 190 330 220.792
298 210 330 220.862
299 230 330 220.932
300 250 330 221.002
301 270 330 221.072
302 290 330 221.142
303 310 330 221.212
304 330 330 221.282
305 350 330 221.352
306 10 350 221.422
307 30 350 221.492
308 50 350 221.562
309 70 350 221.632
310 90 350 221.702
311 110 350 221.772
312 130 350 221.842
313 150 350 221.912
314 170 350 221.982
315 190 350 222.052
316 210 350 222.122
317 230 350 222.192
318 250 350 222.262
319 270 350 222.332
320 290 350 222.402
321 310 350 222.472
322 330 350 222.542
323 350 350 222.612
