0 10 10 200
1 30 10 200.07
2 50 10 200.14
3 70 10 200.21
4 90 10 200.28
5 110 10 200.35
6 130 10 200.42
7 150 10 200.49
8 170 10 200.56
9 190 10 200.63
10 210 10 200.7
11 230 10 200.77
12 250 10 200.84
13 10 30 200.91
14 30 30 200.98
15 50 30 201.05
16 70 30 201.12
17 90 30 201.19
18 110 30 201.26
19 130 30 201.33
20 150 30 201.4
21 170 30 201.47
22 190 30 201.54
23 210 30 201.61
24 230 30 201.68
25 250 30 201.75
26 10 50 201.82
27 30 50 201.89
28 50 50 201.96
29 70 50 202.03
30 90 50 202.1
31 110 50 202.17
32 130 50 202.24
33 150 50 202.31
34 170 50 202.38
35 190 50 202.45
36 210 50 202.52
37 230 50 202.59
38 250 50 202.66
39 10 70 202.73
40 30 70 202.8
41 50 70 202.87
42 70 70 202.94
43 90 70 203.01
44 110 70 203.08
45 130 70 203.15
46 150 70 203.22
47 170 70 203.29
48 190 70 203.36
49 210 70 203.43
50 230 70 203.5
51 250 70 203.57
52 10 90 203.64
53 30 90 203.71
54 50 90 203.78
55 70 90 203.85
56 90 90 203.92
57 110 90 203.99
58 130 90 204.06
59 150 90 204.13
60 170 90 204.2
61 190 90 204.27
62 210 90 204.34
63 230 90 204.41
64 250 90 204.48
65 10 110 204.55
66 30 110 204.62
67 50 110 204.69
68 70 110 204.76
69 90 110 204.831
70 110 110 204.901
71 130 110 204.971
72 150 110 205.041
73 170 110 205.111
74 190 110 205.181
75 210 110 205.251
76 230 110 205.321
77 250 110 205.391
78 10 130 205.461
79 30 130 205.531
80 50 130 205.601
81 70 130 205.671
82 90 130 205.741
83 110 130 205.811
84 130 130 205.881
85 150 130 205.951
86 170 130 206.021
87 190 130 206.091
88 210 130 206.161
89 230 130 206.231
90 250 130 206.301
91 10 150 206.371
92 30 150 206.441
93 50 150 206.511
94 70 150 206.581
95 90 150 206.651
96 110 150 206.721
97 130 150 206.791
98 150 150 206.861
99 170 150 206.931
100 190 150 207.001
101 210 150 207.071
102 230 150 207.141
103 250 150 207.211
104 10 170 207.281
105 30 170 207.351
106 50 170 207.421
107 70 170 207.491
108 90 170 207.561
109 110 170 207.631
110 130 170 207.701
111 150 170 207.771
112 170 170 207.841
113 190 170 207.911
114 210 170 207.981
115 230 170 208.051
116 250 170 208.121
117 10 190 208.191
118 30 190 208.261
119 50 190 208.331
120 70 190 208.401
121 90 190 208.471
122 110 190 208.541
123 130 190 208.611
124 150 190 208.681
125 170 190 208.751
126 190 190 208.821
127 210 190 208.891
128 230 190 208.961
129 250 190 209.031
130 10 210 209.101
131 30 210 209.171
132 50 210 209.241
133 70 210 209.311
134 90 210 209.381
135 110 210 209.451
136 130 210 209.521
137 150 210 209.591
138 170 210 209.661
139 190 210 209.731
140 210 210 209.801
141 230 210 209.871
142 250 210 209.941
143 10 230 210.011
144 30 230 210.081
145 50 230 210.151
146 70 230 210.221
147 90 230 210.291
148 110 230 210.361
149 130 230 210.431
150 150 230 210.501
151 170 230 210.571
152 190 230 210.641
153 210 230 210.711
154 230 230 210.781
155 250 230 210.851
156 10 250 210.921
157 30 250 210.991
158 50 250 211.061
159 70 250 211.131
160 90 250 211.201
161 110 250 211.271
162 130 250 211.341
163 150 250 211.411
164 170 250 211.481
165 190 250 211.551
166 210 250 211.621
167 230 250 211.691
168 250 250 211.761
33 34 153 154 67 80 82 83 84 85 132 133 134 97 27 28 63 64 113 114 115 116 81 54 55 56 57 23 24
29 30 31 32 33 49 50 51 53 54 55 56 67 68 69 80 81 93 165 166 167 168 153 154 155 141 142 129 156 157 158 159 124 125 110 111 97 98
14 27 40 53 66 79 92 105 118 131 144 23 24 25 10 11 12 56 57 58 59 60 126 127 128 113 114 115 100 101 102 134 135 136 120 121 122 107 108 109
3 4 5 6 7 8 9 10 17 18 19 20 21 22 31 32 33 34 45 46 132 133 134 119 121 120 106 107 108 68 69 70 140 141 142 129 116 103 102 101 77 64 51
68 69 70 71 72 73 58 59 60 5 6 7 8 9 140 141 142 129 116 103 27 28 29 105 106 107 108 118 131 121 134 144 147