0 10 10 200
1 30 10 200.07
2 50 10 200.14
3 70 10 200.21
4 90 10 200.28
5 110 10 200.35
6 130 10 200.42
7 150 10 200.49
8 10 30 200.56
9 30 30 200.63
10 50 30 200.7
11 70 30 200.77
12 90 30 200.84
13 110 30 200.91
14 130 30 200.98
15 150 30 201.05
16 10 50 201.12
17 30 50 201.19
18 50 50 201.26
19 70 50 201.33
20 90 50 201.4
21 110 50 201.47
22 130 50 201.54
23 150 50 201.61
24 10 70 201.68
25 30 70 201.75
26 50 70 201.82
27 70 70 201.89
28 90 70 201.96
29 110 70 202.03
30 130 70 202.1
31 150 70 202.17
32 10 90 202.24
33 30 90 202.31
34 50 90 202.38
35 70 90 202.45
36 90 90 202.56
37 110 90 202.59
38 130 90 202.66
39 150 90 202.73
40 10 110 202.8
41 30 110 202.87
42 50 110 202.94
43 70 110 203.01
44 90 110 203.08
45 110 110 203.15
46 130 110 203.22
47 150 110 203.29
48 10 130 203.36
49 30 130 203.43
50 50 130 203.5
51 70 130 203.57
52 90 130 203.64
53 110 130 203.71
54 130 130 203.78
55 150 130 203.85
56 10 150 203.92
57 30 150 203.99
58 50 150 204.06
59 70 150 204.13
60 90 150 204.2
61 110 150 204.27
62 130 150 204.34
63 150 150 204.41
64 10 170 204.48
65 30 170 204.55
66 50 170 204.62
67 70 170 204.69
68 90 170 204.76
69 110 170 204.831
70 130 170 204.901
71 150 170 204.971
72 10 190 205.041
73 30 190 205.111
74 50 190 205.181
75 70 190 205.251
76 90 190 205.321
77 110 190 205.391
78 130 190 205.461
79 150 190 205.531
80 10 210 205.601
81 30 210 205.671
82 50 210 205.741
83 70 210 205.811
84 90 210 205.881
85 110 210 205.951
86 130 210 206.021
87 150 210 206.091
88 10 230 206.161
89 30 230 206.231
90 50 230 206.301
91 70 230 206.371
92 90 230 206.441
93 110 230 206.511
94 130 230 206.581
95 150 230 206.651
96 10 250 206.721
97 30 250 206.791
98 50 250 206.861
99 70 250 206.931
100 90 250 207.001
101 110 250 207.071
102 130 250 207.141
103 150 250 207.211
104 10 270 207.281
105 30 270 207.351
106 50 270 207.421
107 70 270 207.491
108 90 270 207.561
109 110 270 207.631
110 130 270 207.701
111 150 270 207.771
112 10 290 207.841
113 30 290 207.911
114 50 290 207.981
115 70 290 208.051
116 90 290 208.121
117 110 290 208.191
118 130 290 208.261
119 150 290 208.331
11 12 19 20 34 35 36 42 43 44 45 52 53 60 61 68 69 76 77 84 85