0 10 10 200
1 30 10 200.07
2 50 10 200.14
3 70 10 200.21
4 90 10 200.28
5 110 10 200.35
6 130 10 200.42
7 150 10 200.49
8 10 30 200.56
9 30 30 200.63
10 50 30 200.7
11 70 30 200.77
12 90 30 200.84
13 110 30 200.91
14 130 30 200.98
15 150 30 201.05
16 10 50 201.12
17 30 50 201.19
18 50 50 201.26
19 70 50 201.33
20 90 50 201.4
21 110 50 201.47
22 130 50 201.54
23 150 50 201.61
24 10 70 201.68
25 30 70 201.75
26 50 70 201.82
27 70 70 201.89
28 90 70 201.96
29 110 70 202.03
30 130 70 202.1
31 150 70 202.17
32 10 90 202.24
33 30 90 202.31
34 50 90 202.38
35 70 90 202.45
36 90 90 202.52
37 110 90 202.59
38 130 90 202.66
39 150 90 202.73
40 10 110 202.8
41 30 110 202.87
42 50 110 202.94
43 70 110 203.01
44 90 110 203.08
45 110 110 203.15
46 130 110 203.22
47 150 110 203.29
48 10 130 203.36
49 30 130 203.43
50 50 130 203.5
51 70 130 203.57
52 90 130 203.64
53 110 130 203.71
54 130 130 203.78
55 150 130 203.85
56 10 150 203.92
57 30 150 203.99
58 50 150 204.06
59 70 150 204.13
60 90 150 204.2
61 110 150 204.27
62 130 150 204.34
63 150 150 204.41
32 33 34 21 22 23 49 50 51 52 53 54
9 10 28 29 30 31 40 41 62 6 63 7
3 4 5 25 26 27 44 45 46 59 60 61
12 13 14 32 33 34 48 49 50 51 61 62
6 7 24 25 26 45 46 47 56 57 58
27 35 34 36 62 63 56 57 26 28 58 59 60 61 37 29 11 12
56 57 58 52 53 54 32 33 34 9 10 22 23
18 19 26 29 30 38 49 50 51 52 53 54 6 7
33 34 25 17 18 56 57 58 37 38 4 5
41 49 50 51 54 46 38 5 6 7 15 23 9 17