0 10 10 200
1 30 10 200.07
2 50 10 200.14
3 70 10 200.21
4 90 10 200.28
5 110 10 200.35
6 130 10 200.42
7 150 10 200.49
8 170 10 200.56
9 190 10 200.63
10 210 10 200.7
11 230 10 200.77
12 250 10 200.84
13 270 10 200.91
14 290 10 200.98
15 310 10 201.05
16 330 10 201.12
17 10 30 201.19
18 30 30 201.26
19 50 30 201.33
20 70 30 201.4
21 90 30 201.47
22 110 30 201.54
23 130 30 201.61
24 150 30 201.68
25 170 30 201.75
26 190 30 201.82
27 210 30 201.89
28 230 30 201.96
29 250 30 202.03
30 270 30 202.1
31 290 30 202.17
32 310 30 202.24
33 330 30 202.31
34 10 50 202.38
35 30 50 202.45
36 50 50 202.52
37 70 50 202.59
38 90 50 202.66
39 110 50 202.73
40 130 50 202.8
41 150 50 202.87
42 170 50 202.94
43 190 50 203.01
44 210 50 203.08
45 230 50 203.15
46 250 50 203.22
47 270 50 203.29
48 290 50 203.36
49 310 50 203.43
50 330 50 203.5
51 10 70 203.57
52 30 70 203.64
53 50 70 203.71
54 70 70 203.78
55 90 70 203.85
56 110 70 203.92
57 130 70 203.99
58 150 70 204.06
59 170 70 204.13
60 190 70 204.2
61 210 70 204.27
62 230 70 204.34
63 250 70 204.41
64 270 70 204.48
65 290 70 204.55
66 310 70 204.62
67 330 70 204.69
68 10 90 204.76
69 30 90 204.831
70 50 90 204.901
71 70 90 204.971
72 90 90 205.041
73 110 90 205.111
74 130 90 205.181
75 150 90 205.251
76 170 90 205.321
77 190 90 205.391
78 210 90 205.461
79 230 90 205.531
80 250 90 205.601
81 270 90 205.671
82 290 90 205.741
83 310 90 205.811
84 330 90 205.881
85 10 110 205.951
86 30 110 206.021
87 50 110 206.091
88 70 110 206.161
89 90 110 206.231
90 110 110 206.301
91 130 110 206.371
92 150 110 206.441
93 170 110 206.511
94 190 110 206.581
95 210 110 206.651
96 230 110 206.721
97 250 110 206.791
98 270 110 206.861
99 290 110 206.931
100 310 110 207.001
101 330 110 207.071
102 10 130 207.141
103 30 130 207.211
104 50 130 207.281
105 70 130 207.351
106 90 130 207.421
107 110 130 207.491
108 130 130 207.561
109 150 130 207.631
110 170 130 207.701
111 190 130 207.771
112 210 130 207.841
113 230 130 207.911
114 250 130 207.981
115 270 130 208.051
116 290 130 208.121
117 310 130 208.191
118 330 130 208.261
119 10 150 208.331
120 30 150 208.401
121 50 150 208.471
122 70 150 208.541
123 90 150 208.611
124 110 150 208.681
125 130 150 208.751
126 150 150 208.821
127 170 150 208.891
128 190 150 208.961
129 210 150 209.031
130 230 150 209.101
131 250 150 209.171
132 270 150 209.241
133 290 150 209.311
134 310 150 209.381
135 330 150 209.451
136 10 170 209.521
137 30 170 209.591
138 50 170 209.661
139 70 170 209.731
140 90 170 209.801
141 110 170 209.871
142 130 170 209.941
143 150 170 210.011
144 170 170 210.081
145 190 170 210.151
146 210 170 210.221
147 230 170 210.291
148 250 170 210.361
149 270 170 210.431
150 290 170 210.501
151 310 170 210.571
152 330 170 210.641
153 10 190 210.711
154 30 190 210.781
155 50 190 210.851
156 70 190 210.921
157 90 190 210.991
158 110 190 211.061
159 130 190 211.131
160 150 190 211.201
161 170 190 211.271
162 190 190 211.341
163 210 190 211.411
164 230 190 211.481
165 250 190 211.551
166 270 190 211.621
167 290 190 211.691
168 310 190 211.761
169 330 190 211.831
170 10 210 211.901
171 30 210 211.971
172 50 210 212.041
173 70 210 212.111
174 90 210 212.181
175 110 210 212.251
176 130 210 212.321
177 150 210 212.391
178 170 210 212.461
179 190 210 212.531
180 210 210 212.601
181 230 210 212.671
182 250 210 212.741
183 270 210 212.811
184 290 210 212.881
185 310 210 212.951
186 330 210 213.021
187 10 230 213.091
188 30 230 213.161
189 50 230 213.231
190 70 230 213.301
191 90 230 213.371
192 110 230 213.441
193 130 230 213.511
194 150 230 213.581
195 170 230 213.651
196 190 230 213.721
197 210 230 213.791
198 230 230 213.861
199 250 230 213.931
200 270 230 214.001
201 290 230 214.071
202 310 230 214.141
203 330 230 214.211
204 10 250 214.281
205 30 250 214.352
206 50 250 214.422
207 70 250 214.492
208 90 250 214.562
209 110 250 214.632
210 130 250 214.702
211 150 250 214.772
212 170 250 214.842
213 190 250 214.912
214 210 250 214.982
215 230 250 215.052
216 250 250 215.122
217 270 250 215.192
218 290 250 215.262
219 310 250 215.332
220 330 250 215.402
221 10 270 215.472
222 30 270 215.542
223 50 270 215.612
224 70 270 215.682
225 90 270 215.752
226 110 270 215.822
227 130 270 215.892
228 150 270 215.962
229 170 270 216.032
230 190 270 216.102
231 210 270 216.172
232 230 270 216.242
233 250 270 216.312
234 270 270 216.382
235 290 270 216.452
236 310 270 216.522
237 330 270 216.592
238 10 290 216.662
239 30 290 216.732
240 50 290 216.802
241 70 290 216.872
242 90 290 216.942
243 110 290 217.012
244 130 290 217.082
245 150 290 217.152
246 170 290 217.222
247 190 290 217.292
248 210 290 217.362
249 230 290 217.432
250 250 290 217.502
251 270 290 217.572
252 290 290 217.642
253 310 290 217.712
254 330 290 217.782
255 10 310 217.852
256 30 310 217.922
257 50 310 217.992
258 70 310 218.062
259 90 310 218.132
260 110 310 218.202
261 130 310 218.272
262 150 310 218.342
263 170 310 218.412
264 190 310 218.482
265 210 310 218.552
266 230 310 218.622
267 250 310 218.692
268 270 310 218.762
269 290 310 218.832
270 310 310 218.902
271 330 310 218.972
272 10 330 219.042
273 30 330 219.112
274 50 330 219.182
275 70 330 219.252
276 90 330 219.322
277 110 330 219.392
278 130 330 219.462
279 150 330 219.532
280 170 330 219.602
281 190 330 219.672
282 210 330 219.742
283 230 330 219.812
284 250 330 219.882
285 270 330 219.952
286 290 330 220.022
287 310 330 220.092
288 330 330 220.162
187 279 280 278 84 141 191 65 153 58 27 128 235 25 217 179 145 155 212 282 101 57 151 28 154 170 261 225 240 52 79 131 43 198 54 175 158 223 188 80 167 165 93 140 37 18 199 47 216 162 201 70 281 171 41 277 265 185 20 35 53 36 19 26 192 218 200
238 255 272 273 274 66 48 49 50 32 14 16 65 69 107 256 177 227 252 217 15 70 225 226 40 172 243 281 36 152 121 33 59 165 151 76 269 249 67 163 108 44 3 176 149 45 5 246 214 236 132 7 88 53 96 275 257 31 233 10 122 57 71 182 144 221 220 224 282 109 4 6 8 9 286 287 288 270 271 253 254 237
204 221 255 256 239 240 223 282 217 199 201 129 55 274 263 53 107 277 158 192 273 36 238 71 193 57 210 42 134 106 214 272 25 232 279 205 54 115 281 105 283 99 202 173 266 59 122 156 206 222 194 123 143 76 70 30 28 74 172 10 257 278 280 14 149 227 40 219 264 265 200 218 116 117 11 12 13 29
187 279 280 278 84 141 24 42 48 168 224 191 65 153 58 27 128 235 25 217 179 145 155 282 57 151 28 154 170 261 225 240 52 79 131 43 198 54 175 158 223 188 80 165 101 140 37 18 199 47 216 148 162 201 70 281 171 41 277 265 185 20 35 53 36 19 26 192 218 200 262 263 264
13 15 32 33 50 288 254 5 271 137 189 257 237 139 16 180 244 96 6 99 73 103 161 200 132 262 12 153 31 81 127 80 215 62 4 213 167 187 144 240 210 214 79 98 82 3 85 68 86 119 120 136 170 63 243 64 97 74 122 251 69 157 256 197 201 65 115 184 245 102 78 67 75 14
238 42 232 215 216 255 272 273 274 66 48 49 50 32 14 16 65 69 107 256 177 227 252 217 15 70 225 226 40 172 243 36 152 121 33 59 165 151 76 269 249 67 163 108 244 44 3 176 149 45 5 214 236 132 7 88 53 96 275 257 31 233 10 122 57 71 182 144 221 220 224 109 4 6 8 9 286 287 288 270 271 253 254 237 86 87
187 279 280 278 84 141 191 65 153 58 27 128 235 25 217 179 145 155 212 282 101 57 151 28 154 170 261 225 240 52 79 131 43 198 54 175 158 223 188 80 167 165 93 140 37 18 199 47 216 162 201 70 281 171 41 277 265 185 20 35 53 36 19 26 192 218 200 174 157 42 59 67 50 33 16 184 168 260 224 148 195 196
238 255 272 273 274 66 48 49 50 32 14 16 65 69 107 256 177 227 252 217 15 70 225 226 40 172 243 36 216 152 121 33 173 174 175 59 165 151 76 269 249 67 163 108 44 3 176 149 45 5 246 214 236 132 7 88 53 96 275 257 31 233 10 122 57 71 182 144 221 220 224 109 4 6 8 9 286 287 288 270 271 253 254 237 42 43 60 145 146 228 229
204 221 255 256 239 240 223 282 217 199 201 129 55 274 263 53 107 277 158 192 273 36 238 71 193 57 210 42 134 106 214 272 25 232 279 205 54 115 281 105 283 99 202 173 266 59 122 156 206 222 194 123 143 76 70 30 28 74 172 10 257 278 280 14 149 227 40 219 264 265 200 218 116 37 197 198 150 157 117 11 12 13 29 215 216 132 133 159 160
121 97 4 20 55 191 178 23 166 51 76 238 267 194 91 160 68 152 62 229 278 239 221 161 13 104 12 89 271 251 30 88 112 60 180 201 73 248 231 124 262 41 283 130 74 162 142 163 128 77 90 193 279 3 286 179 207 66 143 82 284 285 287 288 268 269 270 252 253 254 230 169 135 40 129 177 72 83 190 272 255 273 256