0 10 10 200
1 30 10 200.07
2 50 10 200.14
3 70 10 200.21
4 90 10 200.28
5 110 10 200.35
6 130 10 200.42
7 150 10 200.49
8 170 10 200.56
9 190 10 200.63
10 210 10 200.7
11 230 10 200.77
12 250 10 200.84
13 270 10 200.91
14 290 10 200.98
15 10 30 201.05
16 30 30 201.12
17 50 30 201.19
18 70 30 201.26
19 90 30 201.33
20 110 30 201.4
21 130 30 201.47
22 150 30 201.54
23 170 30 201.61
24 190 30 201.68
25 210 30 201.75
26 230 30 201.82
27 250 30 201.89
28 270 30 201.96
29 290 30 202.03
30 10 50 202.1
31 30 50 202.17
32 50 50 202.24
33 70 50 202.31
34 90 50 202.38
35 110 50 202.45
36 130 50 202.52
37 150 50 202.59
38 170 50 202.66
39 190 50 202.73
40 210 50 202.8
41 230 50 202.87
42 250 50 202.94
43 270 50 203.01
44 290 50 203.08
45 10 70 203.15
46 30 70 203.22
47 50 70 203.29
48 70 70 203.36
49 90 70 203.43
50 110 70 203.5
51 130 70 203.57
52 150 70 203.64
53 170 70 203.71
54 190 70 203.78
55 210 70 203.85
56 230 70 203.92
57 250 70 203.99
58 270 70 204.06
59 290 70 204.13
60 10 90 204.2
61 30 90 204.27
62 50 90 204.34
63 70 90 204.41
64 90 90 204.48
65 110 90 204.55
66 130 90 204.62
67 150 90 204.69
68 170 90 204.76
69 190 90 204.831
70 210 90 204.901
71 230 90 204.971
72 250 90 205.041
73 270 90 205.111
74 290 90 205.181
75 10 110 205.251
76 30 110 205.321
77 50 110 205.391
78 70 110 205.461
79 90 110 205.531
80 110 110 205.601
81 130 110 205.671
82 150 110 205.741
83 170 110 205.811
84 190 110 205.881
85 210 110 205.951
86 230 110 206.021
87 250 110 206.091
88 270 110 206.161
89 290 110 206.231
90 10 130 206.301
91 30 130 206.371
92 50 130 206.441
93 70 130 206.511
94 90 130 206.581
95 110 130 206.651
96 130 130 206.721
97 150 130 206.791
98 170 130 206.861
99 190 130 206.931
100 210 130 207.001
101 230 130 207.071
102 250 130 207.141
103 270 130 207.211
104 290 130 207.281
105 10 150 207.351
106 30 150 207.421
107 50 150 207.491
108 70 150 207.561
109 90 150 207.631
110 110 150 207.701
111 130 150 207.771
112 150 150 207.841
113 170 150 207.911
114 190 150 207.981
115 210 150 208.051
116 230 150 208.121
117 250 150 208.191
118 270 150 208.261
119 290 150 208.331
120 10 170 208.401
121 30 170 208.471
122 50 170 208.541
123 70 170 208.611
124 90 170 208.681
125 110 170 208.751
126 130 170 208.821
127 150 170 208.891
128 170 170 208.961
129 190 170 209.031
130 210 170 209.101
131 230 170 209.171
132 250 170 209.241
133 270 170 209.311
134 290 170 209.381
135 10 190 209.451
136 30 190 209.521
137 50 190 209.591
138 70 190 209.661
139 90 190 209.731
140 110 190 209.801
141 130 190 209.871
142 150 190 209.941
143 170 190 210.011
144 190 190 210.081
145 210 190 210.151
146 230 190 210.221
147 250 190 210.291
148 270 190 210.361
149 290 190 210.431
150 10 210 210.501
151 30 210 210.571
152 50 210 210.641
153 70 210 210.711
154 90 210 210.781
155 110 210 210.851
156 130 210 210.921
157 150 210 210.991
158 170 210 211.061
159 190 210 211.131
160 210 210 211.201
161 230 210 211.271
162 250 210 211.341
163 270 210 211.411
164 290 210 211.481
165 10 230 211.551
166 30 230 211.621
167 50 230 211.691
168 70 230 211.761
169 90 230 211.831
170 110 230 211.901
171 130 230 211.971
172 150 230 212.041
173 170 230 212.111
174 190 230 212.181
175 210 230 212.251
176 230 230 212.321
177 250 230 212.391
178 270 230 212.461
179 290 230 212.531
180 10 250 212.601
181 30 250 212.671
182 50 250 212.741
183 70 250 212.811
184 90 250 212.881
185 110 250 212.951
186 130 250 213.021
187 150 250 213.091
188 170 250 213.161
189 190 250 213.231
190 210 250 213.301
191 230 250 213.371
192 250 250 213.441
193 270 250 213.511
194 290 250 213.581
195 10 270 213.651
196 30 270 213.721
197 50 270 213.791
198 70 270 213.861
199 90 270 213.931
200 110 270 214.001
201 130 270 214.071
202 150 270 214.141
203 170 270 214.211
204 190 270 214.281
205 210 270 214.352
206 230 270 214.422
207 250 270 214.492
208 270 270 214.562
209 290 270 214.632
210 10 290 214.702
211 30 290 214.772
212 50 290 214.842
213 70 290 214.912
214 90 290 214.982
215 110 290 215.052
216 130 290 215.122
217 150 290 215.192
218 170 290 215.262
219 190 290 215.332
220 210 290 215.402
221 230 290 215.472
222 250 290 215.542
223 270 290 215.612
224 290 290 215.682
11 12 13 14 19 20 21 22 36 33 34 35 50 51 52 53 54 78 79 80 81 102 103 104 104 124 125 126 126 160 161 162 163 192 193 191 167 168 169 170 198 199 200 201
124 125 212 126 127 128 129 130 109 110 111 112 113 114 115 135 150 165 180 195 210 211 213 214 215 216 217 218 219 220 221 222 223 224 209 194 179 164 149 74 59 44 29 14 13 12 11 10
70 71 72 73 85 86 87 88 77 78 79 80 81 82 115 116 130 131 145 146 160 161 167 168 169 170 152 153 154 155 137 138 139 140 220 221 222 223 224 16 17 18 19
196 197 198 185 186 187 204 205 206 155 156 157 145 146 147 121 122 123 113 114 115 102 103 104 75 76 77 66 67 68 40 41 42 32 33 34 11 12 13 14 222 223 224
173 119 125 60 75 90 210 211 212 213 220 136 36 58 164 148 172 133 222 45 42 149 124 92 183 88 22 21 134 130 154 93 126 219 195 118 101 214 171 29 20 107 221 163 127 174 10 11 12 13 14 28 27 26 43 44 59 57
99 129 114 123 134 119 118 121 106 91 27 28 29 11 12 13 14 19 20 21 22 36 33 34 35 50 51 52 53 54 78 79 80 81 102 103 104 104 124 125 126 126 160 161 162 163 192 193 191 167 168 169 170 198 199 200 201
26 27 28 42 43 58 94 95 96 97 98 99 100 205 206 207 208 193 178 163 191 192 177 151 183 166 181 196 167 182 197 199 198 124 125 212 126 127 128 129 130 109 110 111 112 113 114 115 135 150 165 180 195 210 211 213 214 215 216 217 218 219 220 221 222 223 224 209 194 179 164 149 74 59 44 29 14 13 12 11 10
11 12 13 14 210 211 212 213 70 71 72 73 85 86 87 88 77 78 79 80 81 82 115 116 130 131 145 146 160 161 167 168 169 170 152 153 154 155 137 138 139 140 220 221 222 223 224 16 17 18 19
170 171 172 43 44 10 25 26 27 28 29 196 197 198 185 186 187 204 205 206 155 156 157 145 146 147 121 122 123 113 114 115 102 103 104 75 76 77 66 67 68 40 41 42 32 33 34 11 12 13 14 222 223 224
86 87 168 153 65 66 67 68 173 119 125 60 75 90 210 211 212 213 220 136 36 58 164 148 172 133 222 45 42 149 124 92 183 88 22 21 134 130 154 93 126 219 195 118 101 214 171 29 20 107 221 163 127 174 10 11 12 13 14 28 27 26 43 44 59 57