0 10 10 200
1 30 10 200.07
2 50 10 200.14
3 70 10 200.21
4 90 10 200.28
5 110 10 200.35
6 130 10 200.42
7 150 10 200.49
8 170 10 200.56
9 190 10 200.63
10 210 10 200.7
11 230 10 200.77
12 10 30 200.84
13 30 30 200.91
14 50 30 200.98
15 70 30 201.05
16 90 30 201.12
17 110 30 201.19
18 130 30 201.26
19 150 30 201.33
20 170 30 201.4
21 190 30 201.47
22 210 30 201.54
23 230 30 201.61
24 10 50 201.68
25 30 50 201.75
26 50 50 201.82
27 70 50 201.89
28 90 50 201.96
29 110 50 202.03
30 130 50 202.1
31 150 50 202.17
32 170 50 202.24
33 190 50 202.31
34 210 50 202.38
35 230 50 202.45
36 10 70 202.52
37 30 70 202.59
38 50 70 202.66
39 70 70 202.73
40 90 70 202.8
41 110 70 202.87
42 130 70 202.94
43 150 70 203.01
44 170 70 203.08
45 190 70 203.15
46 210 70 203.22
47 230 70 203.29
48 10 90 203.36
49 30 90 203.43
50 50 90 203.5
51 70 90 203.57
52 90 90 203.64
53 110 90 203.71
54 130 90 203.78
55 150 90 203.85
56 170 90 203.92
57 190 90 203.99
58 210 90 204.06
59 230 90 204.13
60 10 110 204.2
61 30 110 204.27
62 50 110 204.34
63 70 110 204.41
64 90 110 204.48
65 110 110 204.55
66 130 110 204.62
67 150 110 204.69
68 170 110 204.76
69 190 110 204.831
70 210 110 204.901
71 230 110 204.971
72 10 130 205.041
73 30 130 205.111
74 50 130 205.181
75 70 130 205.251
76 90 130 205.321
77 110 130 205.391
78 130 130 205.461
79 150 130 205.531
80 170 130 205.601
81 190 130 205.671
82 210 130 205.741
83 230 130 205.811
84 10 150 205.881
85 30 150 205.951
86 50 150 206.021
87 70 150 206.091
88 90 150 206.161
89 110 150 206.231
90 130 150 206.301
91 150 150 206.371
92 170 150 206.441
93 190 150 206.511
94 210 150 206.581
95 230 150 206.651
96 10 170 206.721
97 30 170 206.791
98 50 170 206.861
99 70 170 206.931
100 90 170 207.001
101 110 170 207.071
102 130 170 207.141
103 150 170 207.211
104 170 170 207.281
105 190 170 207.351
106 210 170 207.421
107 230 170 207.491
108 10 190 207.561
109 30 190 207.631
110 50 190 207.701
111 70 190 207.771
112 90 190 207.841
113 110 190 207.911
114 130 190 207.981
115 150 190 208.051
116 170 190 208.121
117 190 190 208.191
118 210 190 208.261
119 230 190 208.331
120 10 210 208.401
121 30 210 208.471
122 50 210 208.541
123 70 210 208.611
124 90 210 208.681
125 110 210 208.751
126 130 210 208.821
127 150 210 208.891
128 170 210 208.961
129 190 210 209.031
130 210 210 209.101
131 230 210 209.171
132 10 230 209.241
133 30 230 209.311
134 50 230 209.381
135 70 230 209.451
136 90 230 209.521
137 110 230 209.591
138 130 230 209.661
139 150 230 209.731
140 170 230 209.801
141 190 230 209.871
142 210 230 209.941
143 230 230 210.011
9 10 11 13 15 14 41 42 43 57 58 59 74 75 76 101 102 103 104 123 124 125
8 9 10 11 23 35 47 21 22 34 41 42 43 53 54 55 74 75 76 86 87 88 104 105 116 117 108 120 121 132 133 134
84 96 97 108 109 110 120 121 122 123 132 133 134 135 136 95 92 93 94 80 81 82 83 62 50 51 38 39 40 8 9 10 11
16 17 18 19 20 31 32 28 70 71 82 83 94 95 106 107 121 122 123 124 125 98 99 100 86 74 75 62 63 64
13 14 15 16 17 18 19 20 21 22 78 81 66 67 68 69 140 141 142 143 129 130 131 119 119 107 97 98 85 86 73 74 61 62
3 4 7 11 130 117 118 126 129 106 5 71 60 90 73 84 74 87 70 23 127 125 85 89 75 19 48 6 86 72 39 40 41 42 44 43 10
104 8 91 79 103 105 82 94 106 92 93 128 11 10 23 35 47 21 9 139 142 110 20 130 80 100 109 46 81 34 101 22 143 108 129 127 140 141 131 62 63 50 51 38 39
17 132 19 6 7 45 46 54 16 133 128 66 69 51 40 70 129 39 78 86 38 116 130 4 111 8 44 123 18 127 75 81 5 80 47 107
108 120 132 133 134 37 26 11 49 119 77 131 143 103 114 78 38 44 107 9 65 23 91 45 28 27 29 115 126 56 10 76 90 41 102 35
4 140 65 109 18 111 59 141 142 105 23 26 55 66 37 38 39 50 5 6 77 110 106 43 11 7 143 47 104 25 54 49 35 51 27