0 10 10 200
1 30 10 200.07
2 50 10 200.14
3 70 10 200.21
4 90 10 200.28
5 110 10 200.35
6 130 10 200.42
7 150 10 200.49
8 170 10 200.56
9 190 10 200.63
10 210 10 200.7
11 230 10 200.77
12 250 10 200.84
13 270 10 200.91
14 290 10 200.98
15 310 10 201.05
16 10 30 201.12
17 30 30 201.19
18 50 30 201.26
19 70 30 201.33
20 90 30 201.4
21 110 30 201.47
22 130 30 201.54
23 150 30 201.61
24 170 30 201.68
25 190 30 201.75
26 210 30 201.82
27 230 30 201.89
28 250 30 201.96
29 270 30 202.03
30 290 30 202.1
31 310 30 202.17
32 10 50 202.24
33 30 50 202.31
34 50 50 202.38
35 70 50 202.45
36 90 50 202.52
37 110 50 202.59
38 130 50 202.66
39 150 50 202.73
40 170 50 202.8
41 190 50 202.87
42 210 50 202.94
43 230 50 203.01
44 250 50 203.08
45 270 50 203.15
46 290 50 203.22
47 310 50 203.29
48 10 70 203.36
49 30 70 203.43
50 50 70 203.5
51 70 70 203.57
52 90 70 203.64
53 110 70 203.71
54 130 70 203.78
55 150 70 203.85
56 170 70 203.92
57 190 70 203.99
58 210 70 204.06
59 230 70 204.13
60 250 70 204.2
61 270 70 204.27
62 290 70 204.34
63 310 70 204.41
64 10 90 204.48
65 30 90 204.55
66 50 90 204.62
67 70 90 204.69
68 90 90 204.76
69 110 90 204.831
70 130 90 204.901
71 150 90 204.971
72 170 90 205.041
73 190 90 205.111
74 210 90 205.181
75 230 90 205.251
76 250 90 205.321
77 270 90 205.391
78 290 90 205.461
79 310 90 205.531
80 10 110 205.601
81 30 110 205.671
82 50 110 205.741
83 70 110 205.811
84 90 110 205.881
85 110 110 205.951
86 130 110 206.021
87 150 110 206.091
88 170 110 206.161
89 190 110 206.231
90 210 110 206.301
91 230 110 206.371
92 250 110 206.441
93 270 110 206.511
94 290 110 206.581
95 310 110 206.651
96 10 130 206.721
97 30 130 206.791
98 50 130 206.861
99 70 130 206.931
100 90 130 207.001
101 110 130 207.071
102 130 130 207.141
103 150 130 207.211
104 170 130 207.281
105 190 130 207.351
106 210 130 207.421
107 230 130 207.491
108 250 130 207.561
109 270 130 207.631
110 290 130 207.701
111 310 130 207.771
112 10 150 207.841
113 30 150 207.911
114 50 150 207.981
115 70 150 208.051
116 90 150 208.121
117 110 150 208.191
118 130 150 208.261
119 150 150 208.331
120 170 150 208.401
121 190 150 208.471
122 210 150 208.541
123 230 150 208.611
124 250 150 208.681
125 270 150 208.751
126 290 150 208.821
127 310 150 208.891
128 10 170 208.961
129 30 170 209.031
130 50 170 209.101
131 70 170 209.171
132 90 170 209.241
133 110 170 209.311
134 130 170 209.381
135 150 170 209.451
136 170 170 209.521
137 190 170 209.591
138 210 170 209.661
139 230 170 209.731
140 250 170 209.801
141 270 170 209.871
142 290 170 209.941
143 310 170 210.011
144 10 190 210.081
145 30 190 210.151
146 50 190 210.221
147 70 190 210.291
148 90 190 210.361
149 110 190 210.431
150 130 190 210.501
151 150 190 210.571
152 170 190 210.641
153 190 190 210.711
154 210 190 210.781
155 230 190 210.851
156 250 190 210.921
157 270 190 210.991
158 290 190 211.061
159 310 190 211.131
160 10 210 211.201
161 30 210 211.271
162 50 210 211.341
163 70 210 211.411
164 90 210 211.481
165 110 210 211.551
166 130 210 211.621
167 150 210 211.691
168 170 210 211.761
169 190 210 211.831
170 210 210 211.901
171 230 210 211.971
172 250 210 212.041
173 270 210 212.111
174 290 210 212.181
175 310 210 212.251
176 10 230 212.321
177 30 230 212.391
178 50 230 212.461
179 70 230 212.531
180 90 230 212.601
181 110 230 212.671
182 130 230 212.741
183 150 230 212.811
184 170 230 212.881
185 190 230 212.951
186 210 230 213.021
187 230 230 213.091
188 250 230 213.161
189 270 230 213.231
190 290 230 213.301
191 310 230 213.371
192 10 250 213.441
193 30 250 213.511
194 50 250 213.581
195 70 250 213.651
196 90 250 213.721
197 110 250 213.791
198 130 250 213.861
199 150 250 213.931
200 170 250 214.001
201 190 250 214.071
202 210 250 214.141
203 230 250 214.211
204 250 250 214.281
205 270 250 214.352
206 290 250 214.422
207 310 250 214.492
208 10 270 214.562
209 30 270 214.632
210 50 270 214.702
211 70 270 214.772
212 90 270 214.842
213 110 270 214.912
214 130 270 214.982
215 150 270 215.052
216 170 270 215.122
217 190 270 215.192
218 210 270 215.262
219 230 270 215.332
220 250 270 215.402
221 270 270 215.472
222 290 270 215.542
223 310 270 215.612
224 10 290 215.682
225 30 290 215.752
226 50 290 215.822
227 70 290 215.892
228 90 290 215.962
229 110 290 216.032
230 130 290 216.102
231 150 290 216.172
232 170 290 216.242
233 190 290 216.312
234 210 290 216.382
235 230 290 216.452
236 250 290 216.522
237 270 290 216.592
238 290 290 216.662
239 310 290 216.732
240 10 310 216.802
241 30 310 216.872
242 50 310 216.942
243 70 310 217.012
244 90 310 217.082
245 110 310 217.152
246 130 310 217.222
247 150 310 217.292
248 170 310 217.362
249 190 310 217.432
250 210 310 217.502
251 230 310 217.572
252 250 310 217.642
253 270 310 217.712
254 290 310 217.782
255 310 310 217.852
11 28 29 30 31 13 14 47 209 198 122 51 232 182 196 107 206 100 183 255 119 21 174 179 199 10 105 210 68 217 45 106 121 103 53 146 56 234 34 137 211 212 193 194 195 178 173 190 98 99 130 40 57 185 177 41 27 134 46 20 152 132 102 97 36 12 250 131 22 247 15 189 87 133 52 35 37 248 249 233 108 184 44 118 58
172 204 52 53 112 229 238 50 85 186 199 129 15 76 96 105 67 249 170 10 178 195 44 223 25 110 128 141 206 58 74 75 251 228 171 253 142 137 88 14 163 116 90 203 145 113 167 244 144 69 200 247 43 51 255 152 125 82 9 245 246 248 250 252 254 239 222 206 182 207 66 59 60 126 179 117 101 89 202
2 3 4 5 6 7 111 252 253 151 153 168 183 195 212 213 67 10 15 249 251 238 239 223 206 102 150 247 31 180 254 73 69 68 179 163 9 103 113 97 140 211 118 222 55 229 98 115 214 172 197 147 184 250 8 116 56 255 193 57 74 52 53 11 51 90 149 203 137 58 152 248 207 125 156 109 42 54 124 167 186 110 99 205 196 114
11 51 36 201 14 15 125 123 116 200 70 31 150 174 21 68 217 206 13 161 94 34 223 71 78 234 177 134 176 192 193 208 137 52 119 35 50 81 80 143 55 155 87 209 141 153 37 99 160 67 178 33 17 185 246 12 88 10 92 89 96 245 247 152 194 238 239 222 207
