0 10 10 200
1 30 10 200.07
2 50 10 200.14
3 70 10 200.21
4 90 10 200.28
5 110 10 200.35
6 10 30 200.42
7 30 30 200.49
8 50 30 200.56
9 70 30 200.63
10 90 30 200.7
11 110 30 200.77
12 10 50 200.84
13 30 50 200.91
14 50 50 200.98
15 70 50 201.05
16 90 50 201.12
17 110 50 201.19
18 10 70 201.26
19 30 70 201.33
20 50 70 201.4
21 70 70 201.47
22 90 70 201.54
23 110 70 201.61
24 10 90 201.68
25 30 90 201.75
26 50 90 201.82
27 70 90 201.89
28 90 90 201.96
29 110 90 202.03
30 10 110 202.1
31 30 110 202.17
32 50 110 202.24
33 70 110 202.31
34 90 110 202.38
35 110 110 202.45
7 8 22 23 30 31
4 5 6 12 34 35
10 11 22 23 30 31
4 5 12 13 32 33
4 5 14 15 25 26
7 8 9 10 25 26 27 28
12 13 18 28 23 29
25 26 27 28 9 10 16
34 35 14 15 21 30 31
7 13 21 22 28 30 31